52020
52000
52000
52000
51999.99
51999.99
51999.99
52050
52050
52049.99
52030
52030
52030
51999.99
51999.99
51999.99
51999.99
51999.99
52007
52042.99
52042.96
52042.96
52007
52007
52007.01
52007.01
52007.01
52007.01
52007.01
52007.01
52007
52000
51600.24
51600.24
51600.24
51600.24
51600.24
51950
51600.23
51600.22
51600.22
51600
51800.9
51600
51799
51790
51789.98
51789.99
51789.99
51303
51790
51790
51303.33
51303.33
51779.99
51699.99
51311
51311
51310.4
51105.1
50900
51150
51342.64
51342.64
51342.64
51342.64
51342.64
51342.64
51342.64
51342.64
51342.64
51250
51499.93
51399.91
51399.91
51399.91
51399.91
51399.91
51210
51210
51210
51209.99
51100.01
51109.98
50930
50930
50930
51100.01
50802.08
50829.97
50829.99
50829.99
50500.01
50500.01
50476.01
50476.01
50476.01
50476.01
50476.01
50476.01
50476.01
50400.01
50299.94
50299.94
50299.94
50250.12
50250.12
50250.12
50250.12
50250.12
50250.12
50250.12
50299.98
50299.98
50299.94
50250.23
50250.23
50250.23
50250.23
50250.23
50250.23
50250.23
50250.03
50249.99
50010
50010.03
50899.99
50899.99
50010.33
50010.33
50010.33
50010.33
50101.01
50101.01
51497.99
50999.98
50348.99
50348.99
50348.99
50348.99
50348.99
50348.99
50348.99
50348.99
50348.99
50348.99
50348.99
50348.99
50348.99
50348.99
50348.99
50348.99
50348.99
50799.94
50251.41
50251.41
50500
50000
49900.01
49900.01
49999.99
49999.99
49999.99
49999.98
49999.91
50249.99
50249.96
50249.93
50249.92
50249.97
50249.9
50249.9
50249.9
50249.9
50250
50249.97
50249.97
50249.95
50249.95
50553.46
51249.99
51250
51250
51250
51250
51250
51250
51250
51250
51250
50699.03
50699.03
50699.03
50699.03
50699.08
51249.9
51249.9
51249.9
51249.9
51249.9
51249.96
50699
50699
50699
50699
50898.99
50850
50850
50698.99
50698.9
50698.9
50698.9
50698.9
50698.9
50650
50650
50650
50500.02
50599.96
50599.94
50599.94
50599.98
51247.92
51247.92
51247.92
51247.93
50750.01
50800.01
50800.01
51247.49
51247.49
51247.49
51247.47
51247.47
51247.47
51247.47
51250
51249.99
51250
51250
51250
51250
51250
51242.12
51242.12
51249.98
51249.98
51497.99
51250.05
51497.93
51497.93
51499.97
51000.75
51000.75
51498.99
51498.99
51498.98
51498.98
51498.98
52197.88
52197.88
52197.88
52197.88
52198.99
52198.99
52199
52199
52250
52249.88
52249.88
52250
52199.99
52197.99
52197.99
52198
52197.99
52197.98
52197.98
52197.98
52200
52210.99
52210.99
52155
52155
51878.98
51877.97
51200.01
51200.01
51200.01
51200
51200
51200.01
51200.01
51200.01
51201
51400.14
51500.03
51500.03
51510.01
51510.01
51510.01
52198
52180
52180
52180
52180
52199
52198.98
52000
51999
51999
51998.99
51998.99
51699.96
51699.96
51213
51212
51211
51212
51202.15
51599.97
51599.99
51600
52201
51599.97
52245
52244.99
52000
52000
52000.04
52244.56
52234.4
52234.4
52234.4
52224.4
52003.01
52239.99
52298.99
52284.99
52497.99
52497.99
51773.01
52499
52498.86
52498.86
52479.92
52480
52480
52480
52001.04
52450.03
52450.03
52450.03
52459.99
52450
52450
52450
52499.98
52499.98
52577
52577
52599.8
52509.04
52509.08
52509.11
52509.02
52510
52560
52690
52699
52700
52609.2
52631
52698.97
52700
52650
52798.99
52830.76
52898.01
52981
52999
52999
52999
52998.06
52998
52993
52999
52992.01
52997
52997
52999.98
52999.99
53000
53000.01
53000.01
53100
53200
53250
53250
53295.01
53350.01
53490
53499
53499
53500
53997
53997
53997
53998.02
53999
53999
53999.04
53999.04
53999
53999.05
53999.98
53754.02
53800.01
53999.95
53999.97
53999.99
53999.99
53800.01
53989.98
53802.8
53802.8
53904.99
53900.99
54000
53950.01
53999.99
53998.98
54000
54000
53940.12
54000
54000
54000
54000
54000.1
54150
54290.02
54300
54299.99
54300
54300
54499.99
54450
54499.99
54500
54499.89
54499.89
54499.89
54350.79
54350.7
54002
54002.03
54199.99
54450
54460
54500
54546.73
54605.17
54798
54830
54850
54879.89
54850
54800
54399.99
54399
54998.99
54890.07
54990.8
54999
54850.08
54999.73
54800.01
54996.89
54997
55000
55000
54999.02
55000
54999.01
55180
55178
55000.01
55000.01
55100
54990
55000.02
55000
54999.99
54900.07
54849.96
54849.94
54849.96
54830
54805
54513
54501
54500.99
54500
54467.98
54467.98
54474.99
54479.95
54580.01
54789.98
54789.97
54610.21
54785
54780
54800
54790.03
54779.99
54759
54750.09
54735
54740
54735.05
54740
54780.99
54799.99
54799.86
54799.96
54799.88
54799.99
54899.01
54898.99
54897.99
54950
54950
54949.98
54948.99
54867.06
54889.98
54890
54889.98
54896.99
54871.01
54890.93
54890.01
54610
54600
54896.99
54892.96
54892.94
54801.01
54889
54810.03
54850
54850.01
54851.99
54898.6
54898.99
54852.01
54855.07
54870.01
54898.99
54997.99
54900.01
54901.4
54901.01
54949.81
54948.98
55203
55400.07
55588.88
55945
55600.01
56000
55703.38
55994.99
55995
55894.99
56000
56000.01
56001
56002
56004
56100
56249.01
56249.01
56249.01
56249.01
56299
56299
56400
56501
56600
56800.01
56898
56989.99
56998
57000
56999.1
57063.6
57200
57200
57500
57401.01
57501
57600
57651
57800.05
57780.04
57799.9
57801
57900
57999
57900.99
57699.99
57900
57890.88
57890.88
57700.01
57887.99
57890.51
57989.95
57998.95
58000
57999.14
57998.99
57980
57919.99
57900
57200
56300
55999.99
55920
