50447.98
50499.0
50499.0
50101.9
50497.0
50010.91
50010.91
50450.0
50450.0
50450.0
50450.0
50400.0
50400.0
50450.0
50399.99
50006.01
50007.99
50449.0
50449.0
50449.0
50449.0
50449.0
50447.0
50447.0
50448.0
50448.0
50448.0
50449.0
50449.0
50448.01
50448.01
50000.01
50000.0
50000.0
50000.0
50000.0
50000.01
50000.01
50400.02
50400.02
50400.02
50400.02
50003.01
50000.0
50000.0
49901.0
49722.0
49699.99
49601.0
49601.0
49601.01
49601.01
49600.02
49600.03
49600.02
49600.02
49600.02
49700.0
49700.0
49700.0
49700.0
49700.0
49989.97
49601.0
49999.98
49999.98
49999.98
49999.98
49999.98
49990.0
49990.0
49900.0
49900.0
49640.01
49640.01
49640.0
49640.0
49640.0
49640.0
49640.01
49640.01
49640.01
49750.0
49750.0
49750.0
49750.0
49750.0
49750.0
49750.0
50349.0
50346.99
50346.99
50346.99
50346.99
49650.0
49650.0
49647.99
49647.99
49647.99
49647.99
49649.99
49649.99
49649.99
49649.99
49649.99
49649.99
49649.99
49649.99
49649.99
49649.99
49649.99
49649.99
49649.99
49649.99
49649.99
49649.99
49632.01
49632.01
49502.0
49650.0
49650.0
49009.9
49000.0
49000.0
49002.0
49001.98
49001.98
49001.98
48900.0
49001.98
49001.98
49001.96
49001.95
49001.95
49001.6
49300.01
49300.01
49300.01
49497.6
49497.6
49497.6
49002.08
49002.08
49002.08
49002.08
49002.08
49297.99
49297.95
49297.95
49296.92
49296.92
49296.92
49296.79
49296.67
48601.0
48601.0
48601.0
48601.0
48601.0
48601.0
48604.08
48604.08
49295.84
49295.84
49295.84
49295.84
49295.84
49295.84
49295.84
49295.84
49295.84
49100.0
49099.99
49099.99
49099.99
49099.99
49289.98
49296.9
49000.0
49000.0
49000.0
49296.89
49296.89
49296.89
49296.89
49296.89
49296.89
49296.89
49296.89
49296.89
49296.89
49296.7
49296.7
49296.7
49296.7
49296.7
49296.7
49296.7
49296.7
49296.7
49296.7
48682.0
48659.08
48659.08
48659.08
48659.08
48899.97
48899.97
48899.97
48899.97
48859.12
48859.12
48859.12
48859.12
49296.89
49296.89
49296.89
49296.89
49296.89
49296.89
48879.08
48879.08
49299.99
49299.99
49999.0
49799.99
49800.0
49800.0
49800.0
49800.0
49800.0
50000.0
50325.0
50350.0
50350.0
50350.0
50200.01
50200.01
50350.97
50350.97
50350.97
50350.97
50350.97
50350.97
50350.97
50000.02
50000.02
50000.02
49899.99
50339.98
49801.0
49801.0
49801.0
49801.0
49801.0
49801.0
49801.0
49801.0
49801.0
49801.9
49801.9
50300.0
50300.0
49950.0
49950.0
49950.0
49950.0
49950.0
50100.0
50200.01
50200.01
49955.0
49955.0
50299.8
50299.8
50299.8
50298.99
50298.99
50298.99
50298.99
50298.99
50298.99
50298.99
50298.99
50298.99
50298.99
50298.99
50298.99
50298.99
49955.01
50298.99
50298.99
50298.99
50298.99
50298.99
49955.01
49955.01
49955.01
49955.01
49955.01
49955.01
49955.01
49955.0
49955.0
49955.0
49955.0
49955.0
49955.0
49955.0
49955.0
49955.0
49955.0
49955.0
49955.0
49955.0
49955.0
49955.0
49955.0
49955.0
50297.98
50297.98
50297.98
50298.29
50298.29
50298.29
50298.29
50298.29
50298.29
50298.29
50298.29
50298.29
50298.29
50298.39
50298.39
50298.39
50298.39
50298.39
50298.39
50298.39
50298.39
50298.39
50298.39
50298.39
50298.39
50298.39
50298.39
50167.99
50167.99
50167.99
50167.99
50167.99
50167.99
49955.0
49417.2
